# Single SKU Max  World Wide initial Power Table
# |CCK 1~11 | |    OFDM 6 ~ 54      | |             HT20 MCS 0 ~ 15                 | |             HT40 MCS 0 ~ 15                 |
ch1 10.5 10.5 10.5 10.5 10.0 10.0 10.0 10.0 8.0 8.0 8.0 8.0 11.5 11.5 11.5 11.5 9.5 9.5 9.5 9.5 11.5 11.5 11.5 11.5 9.5 9.5 9.5 9.5
ch2 10.5 10.5 10.5 10.5 11.5 11.5 11.5 11.5 9.5 9.5 9.5 9.5 11.5 11.5 11.5 11.5 9.5 9.5 9.5 9.5 11.5 11.5 11.5 11.5 9.5 9.5 9.5 9.5
ch3 10.5 10.5 10.5 10.5 11.5 11.5 11.5 11.5 9.5 9.5 9.5 9.5 11.5 11.5 11.5 11.5 9.5 9.5 9.5 9.5 11.5 11.5 11.5 11.5 9.5 9.5 9.5 9.5 8.5 8.5 8.5 8.5 6.5 6.5 6.5 6.5 8.5 8.5 8.5 8.5 6.5 6.5 6.5 6.5
ch4 10.5 10.5 10.5 10.5 11.5 11.5 11.5 11.5 9.5 9.5 9.5 9.5 11.5 11.5 11.5 11.5 9.5 9.5 9.5 9.5 11.5 11.5 11.5 11.5 9.5 9.5 9.5 9.5 9.5 9.5 9.5 9.5 7.5 7.5 7.5 7.5 9.5 9.5 9.5 9.5 7.5 7.5 7.5 7.5
ch5 10.5 10.5 10.5 10.5 11.5 11.5 11.5 11.5 9.5 9.5 9.5 9.5 11.5 11.5 11.5 11.5 9.5 9.5 9.5 9.5 11.5 11.5 11.5 11.5 9.5 9.5 9.5 9.5 11.5 11.5 11.5 11.5 9.5 9.5 9.5 9.5 11.5 11.5 11.5 11.5 9.5 9.5 9.5 9.5
ch6 10.5 10.5 10.5 10.5 11.5 11.5 11.5 11.5 9.5 9.5 9.5 9.5 11.5 11.5 11.5 11.5 9.5 9.5 9.5 9.5 11.5 11.5 11.5 11.5 9.5 9.5 9.5 9.5 11.5 11.5 11.5 11.5 9.5 9.5 9.5 9.5 11.5 11.5 11.5 11.5 9.5 9.5 9.5 9.5
ch7 10.5 10.5 10.5 10.5 11.5 11.5 11.5 11.5 9.5 9.5 9.5 9.5 11.5 11.5 11.5 11.5 9.5 9.5 9.5 9.5 11.5 11.5 11.5 11.5 9.5 9.5 9.5 9.5 11.5 11.5 11.5 11.5 9.5 9.5 9.5 9.5 11.5 11.5 11.5 11.5 9.5 9.5 9.5 9.5
ch8 10.5 10.5 10.5 10.5 11.5 11.5 11.5 11.5 9.5 9.5 9.5 9.5 11.5 11.5 11.5 11.5 9.5 9.5 9.5 9.5 11.5 11.5 11.5 11.5 9.5 9.5 9.5 9.5 11.5 11.5 11.5 11.5 9.5 9.5 9.5 9.5 11.5 11.5 11.5 11.5 9.5 9.5 9.5 9.5
ch9 10.5 10.5 10.5 10.5 11.5 11.5 11.5 11.5 9.5 9.5 9.5 9.5 11.5 11.5 11.5 11.5 9.5 9.5 9.5 9.5 11.5 11.5 11.5 11.5 9.5 9.5 9.5 9.5 11.0 11.0 11.0 11.0 9.0 9.0 9.0 9.0 11.0 11.0 11.0 11.0 9.0 9.0 9.0 9.0
ch10 10.5 10.5 10.5 10.5 11.5 11.5 11.5 11.5 9.5 9.5 9.5 9.5 11.5 11.5 11.5 11.5 9.5 9.5 9.5 9.5 11.5 11.5 11.5 11.5 9.5 9.5 9.5 9.5 11.5 11.5 11.5 11.5 9.5 9.5 9.5 9.5 11.5 11.5 11.5 11.5 9.5 9.5 9.5 9.5
ch11 10.5 10.5 10.5 10.5 11.5 11.5 11.5 11.5 8.5 8.5 8.5 8.5 11.5 11.5 11.5 11.5 9.5 9.5 9.5 9.5 11.5 11.5 11.5 11.5 9.5 9.5 9.5 9.5 11.5 11.5 11.5 11.5 9.5 9.5 9.5 9.5 11.5 11.5 11.5 11.5 9.5 9.5 9.5 9.5
ch12 10.5 10.5 10.5 10.5 11.5 11.5 11.5 11.5 9.5 9.5 9.5 9.5 11.5 11.5 11.5 11.5 9.5 9.5 9.5 9.5 11.5 11.5 11.5 11.5 9.5 9.5 9.5 9.5
ch13 10.5 10.5 10.5 10.5 11.5 11.5 11.5 11.5 9.5 9.5 9.5 9.5 11.5 11.5 11.5 11.5 9.5 9.5 9.5 9.5 11.5 11.5 11.5 11.5 9.5 9.5 9.5 9.5
ch14

#   OFDM 6 ~ 54              | |                       HT20 MCS 0 ~ 15                                                    | |                   HT40 MCS 0 ~ 15                                            | |               VHT80 MCS 0 ~ 9             |
ch36 13.5 13.5 13.5 13.5 11.5 11.5 11.5 11.5 14.5 14.5 14.5 14.5 12.5 12.5 12.5 12.5 14.5 14.5 14.5 14.5 12.5 12.5 12.5 12.5 12.0 12.0 12.0 12.0 10.0 10.0 10.0 10.0 12.0 12.0 12.0 12.0 10.0 10.0 10.0 10.0 10.5 10.5 10.5 10.5 8.50 8.50 8.50 8.50 7.00 7.00
ch40 14.5 14.5 14.5 14.5 12.5 12.5 12.5 12.5 14.5 14.5 14.5 14.5 12.5 12.5 12.5 12.5 14.5 14.5 14.5 14.5 12.5 12.5 12.5 12.5 12.0 12.0 12.0 12.0 10.0 10.0 10.0 10.0 12.0 12.0 12.0 12.0 10.0 10.0 10.0 10.0 10.5 10.5 10.5 10.5 8.50 8.50 8.50 8.50 7.00 7.00
ch44 14.5 14.5 14.5 14.5 12.5 12.5 12.5 12.5 14.5 14.5 14.5 14.5 12.5 12.5 12.5 12.5 14.5 14.5 14.5 14.5 12.5 12.5 12.5 12.5 15.0 15.0 15.0 15.0 13.0 13.0 13.0 13.0 15.0 15.0 15.0 15.0 13.0 13.0 13.0 13.0 10.5 10.5 10.5 10.5 8.50 8.50 8.50 8.50 7.00 7.00
ch48 14.5 14.5 14.5 14.5 12.5 12.5 12.5 12.5 14.5 14.5 14.5 14.5 12.5 12.5 12.5 12.5 14.5 14.5 14.5 14.5 12.5 12.5 12.5 12.5 15.0 15.0 15.0 15.0 13.0 13.0 13.0 13.0 15.0 15.0 15.0 15.0 13.0 13.0 13.0 13.0 10.5 10.5 10.5 10.5 8.50 8.50 8.50 8.50 7.00 7.00
ch52 12.5 12.5 12.5 12.5 10.5 10.5 10.5 10.5 11.0 11.0 11.0 11.0 9.00 9.00 9.00 9.00 11.0 11.0 11.0 11.0 9.00 9.00 9.00 9.00 12.5 12.5 12.5 12.5 10.5 10.5 10.5 10.5 12.5 12.5 12.5 12.5 10.5 10.5 10.5 10.5 12.0 12.0 12.0 12.0 10.0 10.0 10.0 10.0 8.50 8.50
ch56 12.5 12.5 12.5 12.5 10.5 10.5 10.5 10.5 11.0 11.0 11.0 11.0 9.00 9.00 9.00 9.00 11.0 11.0 11.0 11.0 9.00 9.00 9.00 9.00 12.5 12.5 12.5 12.5 10.5 10.5 10.5 10.5 12.5 12.5 12.5 12.5 10.5 10.5 10.5 10.5 12.0 12.0 12.0 12.0 10.0 10.0 10.0 10.0 8.50 8.50
ch60 12.5 12.5 12.5 12.5 10.5 10.5 10.5 10.5 11.0 11.0 11.0 11.0 9.00 9.00 9.00 9.00 11.0 11.0 11.0 11.0 9.00 9.00 9.00 9.00 12.5 12.5 12.5 12.5 10.5 10.5 10.5 10.5 12.5 12.5 12.5 12.5 10.5 10.5 10.5 10.5 12.0 12.0 12.0 12.0 10.0 10.0 10.0 10.0 8.50 8.50
ch64 12.5 12.5 12.5 12.5 10.5 10.5 10.5 10.5 11.0 11.0 11.0 11.0 9.00 9.00 9.00 9.00 11.0 11.0 11.0 11.0 9.00 9.00 9.00 9.00 12.5 12.5 12.5 12.5 10.5 10.5 10.5 10.5 12.5 12.5 12.5 12.5 10.5 10.5 10.5 10.5 12.0 12.0 12.0 12.0 10.0 10.0 10.0 10.0 8.50 8.50
ch100
ch102
ch104
ch106
ch108
ch110
ch112
ch114
ch116
ch118
ch120
ch122 
ch124 
ch126 
ch128
ch132
ch134
ch136
ch138
ch140
ch149 12.5 12.5 12.5 12.5 10.5 10.5 10.5 10.5 13.0 13.0 13.0 13.0 11.0 11.0 11.0 11.0 13.0 13.0 13.0 13.0 11.0 11.0 11.0 11.0 11.0 11.0 11.0 11.0 9.00 9.00 9.00 9.00 11.0 11.0 11.0 11.0 9.00 9.00 9.00 9.00 11.0 11.0 11.0 11.0 9.00 9.00 9.00 9.00 7.50 7.50
ch153 16.0 16.0 16.0 16.0 14.0 14.0 14.0 14.0 17.5 17.5 17.5 17.5 15.5 15.5 15.5 15.5 17.5 17.5 17.5 17.5 15.5 15.5 15.5 15.5 11.0 11.0 11.0 11.0 9.00 9.00 9.00 9.00 11.0 11.0 11.0 11.0 9.00 9.00 9.00 9.00 11.0 11.0 11.0 11.0 9.00 9.00 9.00 9.00 7.50 7.50
ch157 16.0 16.0 16.0 16.0 14.0 14.0 14.0 14.0 17.5 17.5 17.5 17.5 15.5 15.5 15.5 15.5 17.5 17.5 17.5 17.5 15.5 15.5 15.5 15.5 16.0 16.0 16.0 16.0 14.0 14.0 14.0 14.0 16.0 16.0 16.0 16.0 14.0 14.0 14.0 14.0 11.0 11.0 11.0 11.0 9.00 9.00 9.00 9.00 7.50 7.50
ch161 16.0 16.0 16.0 16.0 14.0 14.0 14.0 14.0 17.5 17.5 17.5 17.5 15.5 15.5 15.5 15.5 17.5 17.5 17.5 17.5 15.5 15.5 15.5 15.5 16.0 16.0 16.0 16.0 14.0 14.0 14.0 14.0 16.0 16.0 16.0 16.0 14.0 14.0 14.0 14.0 11.0 11.0 11.0 11.0 9.00 9.00 9.00 9.00 7.50 7.50
ch165 15.0 15.0 15.0 15.0 13.0 13.0 13.0 13.0 15.0 15.0 15.0 15.0 13.0 13.0 13.0 13.0 15.0 15.0 15.0 15.0 13.0 13.0 13.0 13.0
# End of line
