# Single SKU Max FCC Power Table
# |CCK 1~11 | |    OFDM 6 ~ 54      | |             HT20 MCS 0 ~ 15                 | |             HT40 MCS 0 ~ 15                 |
ch1 15.5 15.5 15.5 15.5 10.0 10.0 10.0 10.0 8.0 8.0 8.0 8.0 11.5 11.5 11.5 11.5 9.5 9.5 9.5 9.5 11.5 11.5 11.5 11.5 9.5 9.5 9.5 9.5 
ch2 15.5 15.5 15.5 15.5 13.5 13.5 13.5 13.5 11.5 11.5 11.5 11.5 15.0 15.0 15.0 15.0 13.0 13.0 13.0 13.0 15.0 15.0 15.0 15.0 13.0 13.0 13.0 13.0
ch3 14.5 14.5 14.5 14.5 17.0 17.0 17.0 17.0 15.0 15.0 15.0 15.0 20.5 20.5 20.5 20.5 18.5 18.5 18.5 18.5 20.5 20.5 20.5 20.5 18.5 18.5 18.5 18.5 8.5 8.5 8.5 8.5 6.5 6.5 6.5 6.5 8.5 8.5 8.5 8.5 6.5 6.5 6.5 6.5
ch4 14.5 14.5 14.5 14.5 17.0 17.0 17.0 17.0 15.0 15.0 15.0 15.0 20.5 20.5 20.5 20.5 18.5 18.5 18.5 18.5 20.5 20.5 20.5 20.5 18.5 18.5 18.5 18.5 9.5 9.5 9.5 9.5 7.5 7.5 7.5 7.5 9.5 9.5 9.5 9.5 7.5 7.5 7.5 7.5
ch5 13.5 13.5 13.5 13.5 17.0 17.0 17.0 17.0 15.0 15.0 15.0 15.0 20.5 20.5 20.5 20.5 18.5 18.5 18.5 18.5 20.5 20.5 20.5 20.5 18.5 18.5 18.5 18.5 14.0 14.0 14.0 14.0 12.0 12.0 12.0 12.0 14.0 14.0 14.0 14.0 12.0 12.0 12.0 12.0
ch6 13.5 13.5 13.5 13.5 17.0 17.0 17.0 17.0 15.0 15.0 15.0 15.0 20.5 20.5 20.5 20.5 18.5 18.5 18.5 18.5 20.5 20.5 20.5 20.5 18.5 18.5 18.5 18.5 14.0 14.0 14.0 14.0 12.0 12.0 12.0 12.0 14.0 14.0 14.0 14.0 12.0 12.0 12.0 12.0
ch7 13.5 13.5 13.5 13.5 17.0 17.0 17.0 17.0 15.0 15.0 15.0 15.0 20.5 20.5 20.5 20.5 18.5 18.5 18.5 18.5 20.5 20.5 20.5 20.5 18.5 18.5 18.5 18.5 14.0 14.0 14.0 14.0 12.0 12.0 12.0 12.0 14.0 14.0 14.0 14.0 12.0 12.0 12.0 12.0
ch8 12.5 12.5 12.5 12.5 17.0 17.0 17.0 17.0 15.0 15.0 15.0 15.0 20.5 20.5 20.5 20.5 18.5 18.5 18.5 18.5 20.5 20.5 20.5 20.5 18.5 18.5 18.5 18.5 11.5 11.5 11.5 11.5 9.5 9.5 9.5 9.5 11.5 11.5 11.5 11.5 9.5 9.5 9.5 9.5
ch9 12.5 12.5 12.5 12.5 17.0 17.0 17.0 17.0 15.0 15.0 15.0 15.0 20.5 20.5 20.5 20.5 18.5 18.5 18.5 18.5 20.5 20.5 20.5 20.5 18.5 18.5 18.5 18.5 11.0 11.0 11.0 11.0 9.0 9.0 9.0 9.0 11.0 11.0 11.0 11.0 9.0 9.0 9.0 9.0
ch10 12.5 12.5 12.5 12.5 12.5 12.5 12.5 12.5 10.5 10.5 10.5 10.5 16.0 16.0 16.0 16.0 14.0 14.0 14.0 14.0 16.0 16.0 16.0 16.0 14.0 14.0 14.0 14.0
ch11 12.5 12.5 12.5 12.5 10.5 10.5 10.5 10.5 8.5 8.5 8.5 8.5 13.5 13.5 13.5 13.5 11.5 11.5 11.5 11.5 13.5 13.5 13.5 13.5 11.5 11.5 11.5 11.5
ch12
ch13
ch14
#   OFDM 6 ~ 54              | |                       HT20 MCS 0 ~ 15                                                    | |                   HT40 MCS 0 ~ 15                                            | |               VHT80 MCS 0 ~ 9             |
#     6    9    12    18  24   36   48   54    0    1    2    3    4    5   6    7    8    9    10   11   12    13  14  15    0    1    2    3    4     5    6    7   8    9    10   11   12   13   14   15   0    1    2     3    4   5   6     7     8    9
ch36 13.5 13.5 13.5 13.5 11.5 11.5 11.5 11.5 14.5 14.5 14.5 14.5 12.5 12.5 12.5 12.5 14.5 14.5 14.5 14.5 12.5 12.5 12.5 12.5 12.0 12.0 12.0 12.0 10.0 10.0 10.0 10.0 12.0 12.0 12.0 12.0 10.0 10.0 10.0 10.0 10.5 10.5 10.5 10.5 8.50 8.50 8.50 8.50 7.00 7.00
ch40 15.5 15.5 15.5 15.5 13.5 13.5 13.5 13.5 17.5 17.5 17.5 17.5 15.5 15.5 15.5 15.5 17.5 17.5 17.5 17.5 15.5 15.5 15.5 15.5 12.0 12.0 12.0 12.0 10.0 10.0 10.0 10.0 12.0 12.0 12.0 12.0 10.0 10.0 10.0 10.0 10.5 10.5 10.5 10.5 8.50 8.50 8.50 8.50 7.00 7.00
ch44 15.5 15.5 15.5 15.5 13.5 13.5 13.5 13.5 17.5 17.5 17.5 17.5 15.5 15.5 15.5 15.5 17.5 17.5 17.5 17.5 15.5 15.5 15.5 15.5 17.5 17.5 17.5 17.5 15.5 15.5 15.5 15.5 17.5 17.5 17.5 17.5 15.5 15.5 15.5 15.5 10.5 10.5 10.5 10.5 8.50 8.50 8.50 8.50 7.00 7.00
ch48 15.5 15.5 15.5 15.5 13.5 13.5 13.5 13.5 17.5 17.5 17.5 17.5 15.5 15.5 15.5 15.5 17.5 17.5 17.5 17.5 15.5 15.5 15.5 15.5 17.5 17.5 17.5 17.5 15.5 15.5 15.5 15.5 17.5 17.5 17.5 17.5 15.5 15.5 15.5 15.5 10.5 10.5 10.5 10.5 8.50 8.50 8.50 8.50 7.00 7.00
ch52
ch56
ch60
ch64
ch100
ch102
ch104
ch106
ch108
ch110
ch112
ch114
ch116
ch118
ch120
ch122 
ch124 
ch126 
ch128
ch132
ch134
ch136
ch138
ch140
ch149 12.5 12.5 12.5 12.5 10.5 10.5 10.5 10.5 13.0 13.0 13.0 13.0 11.0 11.0 11.0 11.0 13.0 13.0 13.0 13.0 11.0 11.0 11.0 11.0 11.0 11.0 11.0 11.0 9.00 9.00 9.00 9.00 11.0 11.0 11.0 11.0 9.00 9.00 9.00 9.00 11.0 11.0 11.0 11.0 9.00 9.00 9.00 9.00 7.50 7.50
ch153 16.0 16.0 16.0 16.0 14.0 14.0 14.0 14.0 17.5 17.5 17.5 17.5 15.5 15.5 15.5 15.5 17.5 17.5 17.5 17.5 15.5 15.5 15.5 15.5 11.0 11.0 11.0 11.0 9.00 9.00 9.00 9.00 11.0 11.0 11.0 11.0 9.00 9.00 9.00 9.00 11.0 11.0 11.0 11.0 9.00 9.00 9.00 9.00 7.50 7.50
ch157 16.0 16.0 16.0 16.0 14.0 14.0 14.0 14.0 17.5 17.5 17.5 17.5 15.5 15.5 15.5 15.5 17.5 17.5 17.5 17.5 15.5 15.5 15.5 15.5 16.0 16.0 16.0 16.0 14.0 14.0 14.0 14.0 16.0 16.0 16.0 16.0 14.0 14.0 14.0 14.0 11.0 11.0 11.0 11.0 9.00 9.00 9.00 9.00 7.50 7.50
ch161 16.0 16.0 16.0 16.0 14.0 14.0 14.0 14.0 17.5 17.5 17.5 17.5 15.5 15.5 15.5 15.5 17.5 17.5 17.5 17.5 15.5 15.5 15.5 15.5 16.0 16.0 16.0 16.0 14.0 14.0 14.0 14.0 16.0 16.0 16.0 16.0 14.0 14.0 14.0 14.0 11.0 11.0 11.0 11.0 9.00 9.00 9.00 9.00 7.50 7.50
ch165 15.0 15.0 15.0 15.0 13.0 13.0 13.0 13.0 15.0 15.0 15.0 15.0 13.0 13.0 13.0 13.0 15.0 15.0 15.0 15.0 13.0 13.0 13.0 13.0
# End of line
